NAME,TEAM,GAMES,MINUTES,POINTS,FGM,FGA,FGPER,FTM,FTA,OFFR,DEFR,TOTR,ASTS,STEALS,BLOCKS,TURN
Russell Westbrook,Thunder,46,34.7,30.7,10.0,23.7,42.0,8.7,10.6,1.9,8.9,10.7,10.4,1.6,0.3,5.5
Isaiah Thomas,Celtics,41,34.3,29.1,9.2,19.9,46.3,7.7,8.5,0.7,2.1,2.8,6.3,0.8,0.1,2.5
James Harden,Rockets,49,36.6,28.6,8.3,18.5,44.8,9.1,10.6,1.2,7.0,8.2,11.6,1.4,0.5,5.9
Anthony Davis,Pelicans,42,35.9,28.2,10.2,20.5,49.9,7.2,9.1,2.4,9.6,12.0,2.2,1.3,2.5,2.5
DeMarcus Cousins,Kings,44,34.6,28.0,9.4,20.8,45.0,7.5,9.7,2.0,8.3,10.2,4.4,1.5,1.4,3.4
Demar DeRozan,Raptors,44,35.4,27.9,10.0,21.3,47.3,7.5,8.8,1.0,4.3,5.3,3.8,1.2,0.2,2.4
Damian Lillard,Trailblazers,42,35.6,26.2,8.6,19.3,44.4,6.5,7.3,0.6,4.1,4.8,5.8,0.8,0.3,2.7
Kevin Durant,Warriors,46,34.3,26.2,9.3,17.1,54.3,5.7,6.6,0.6,7.8,8.4,4.7,1.2,1.7,2.3
LeBron James,Cavaliers,41,37.6,25.6,9.4,18.2,51.9,5.0,7.1,1.4,6.5,7.9,8.4,1.5,0.5,4.2
Kawhi Leonard,Spurs,41,33.6,25.5,8.4,17.1,49.1,6.6,7.2,1.2,4.5,5.7,3.1,1.8,0.7,1.9
Jimmy Butler,Bulls,45,36.8,24.9,7.6,16.6,45.9,8.3,9.5,1.7,4.9,6.6,4.8,1.8,0.3,2.1
Stephen Curry,Warriors,46,33.6,24.6,8.2,17.6,46.5,4.3,4.7,0.6,3.7,4.2,6.2,1.7,0.2,3.0
Kyrie Irving,Cavaliers,39,35.3,24.4,9.0,19.3,46.9,3.9,4.4,0.8,2.5,3.3,5.6,1.3,0.2,2.6
Giannis Antetokounmpo,Bucks,44,35.0,23.5,8.6,16.3,52.9,5.6,7.1,2.1,6.9,9.0,5.4,1.8,2.0,3.0
C.J. McCollum,Trailblazers,47,34.7,23.5,8.8,18.3,47.9,3.4,3.8,0.8,2.8,3.5,3.7,1.1,0.7,2.2
John Wall,Wizards,43,36.4,23.1,8.5,18.3,46.5,5.0,6.1,0.9,3.7,4.6,10.0,2.2,0.5,4.2
Kemba Walker,Hornets,45,33.8,23.0,8.2,18.0,45.7,3.8,4.6,0.6,3.5,4.1,5.4,1.2,0.2,2.3
Carmelo Anthony,Knicks,46,33.6,22.7,8.1,18.5,43.7,4.4,5.3,0.8,5.2,6.0,3.1,0.9,0.4,1.9
Kyle Lowry,Raptors,45,37.3,22.4,7.1,15.1,47.1,5.1,6.1,0.9,3.9,4.8,6.9,1.6,0.4,2.8
Karl Towns,Timberwolves,45,36.2,22.4,8.7,17.3,50.2,4.0,4.8,3.4,8.5,11.9,3.0,0.7,1.5,2.8
Paul George,Pacers,37,35.4,22.2,7.7,17.1,45.0,4.4,4.8,0.8,5.3,6.1,3.2,1.8,0.3,2.8
Andrew Wiggins,Timberwolves,45,37.0,22.0,8.1,17.9,45.0,4.6,6.3,1.2,3.1,4.3,2.4,0.8,0.4,2.4
Bradley Beal,Wizards,41,34.4,21.9,7.6,16.7,45.4,4.0,4.9,0.6,2.2,2.8,3.6,1.0,0.3,2.0
Gordon Hayward,Jazz,40,34.9,21.8,7.0,15.2,45.6,5.9,6.8,0.6,5.2,5.7,3.5,1.0,0.3,2.1
Klay Thompson,Warriors,45,34.3,21.1,8.0,17.1,46.6,2.1,2.5,0.6,3.2,3.8,1.9,0.8,0.5,1.8
Blake Griffin,Clippers,27,33.5,20.9,7.7,16.3,47.5,5.2,7.0,2.0,6.9,9.0,4.7,1.0,0.6,2.5
Eric Bledsoe,Suns,45,33.1,20.8,7.0,15.8,44.6,5.3,6.2,0.9,4.1,5.0,6.2,1.4,0.4,3.1
Brook Lopez,Nets,41,29.2,20.6,7.2,15.4,46.9,4.2,5.0,1.5,3.6,5.1,2.7,0.5,1.7,2.4
Marc Gasol,Grizzlies,45,34.3,20.6,7.5,16.2,46.4,4.1,5.0,0.8,5.2,6.0,4.2,1.0,1.4,2.1
Devin Booker,Suns,44,34.5,20.6,7.4,17.6,42.2,3.9,4.6,0.6,2.3,2.8,3.1,0.9,0.2,2.9
Kevin Love,Cavaliers,39,32.1,20.5,6.6,15.3,42.9,4.8,5.5,2.6,8.5,11.1,1.9,0.8,0.4,2.1
Jabari Parker,Bucks,45,34.3,20.5,8.0,16.2,49.2,3.1,4.3,1.5,4.4,5.9,2.9,1.0,0.4,1.7
Harrison Barnes,Mavericks,45,35.8,20.2,8.1,17.2,47.3,2.9,3.4,1.4,4.0,5.4,1.4,0.9,0.3,1.3
Joel Embiid,76ers,30,25.3,19.8,6.3,13.6,46.2,6.2,7.9,2.0,5.8,7.8,2.1,0.8,2.4,3.7
Goran Dragic,Heat,38,34.6,19.5,7.0,15.1,46.3,3.9,4.9,0.8,3.2,4.0,6.3,0.9,0.2,3.2
Zach LaVine,Timberwolves,42,37.1,19.2,7.1,15.3,46.3,2.4,2.8,0.4,2.9,3.4,3.0,0.9,0.2,1.9
Dwyane Wade,Bulls,42,30.6,19.1,7.1,16.6,42.8,4.0,5.1,1.2,3.1,4.2,3.7,1.5,0.8,2.2
Kristaps Porzingis,Knicks,40,33.4,18.8,6.9,15.3,44.8,3.1,3.9,1.7,5.4,7.1,1.4,0.8,1.9,1.8
Rudy Gay,Kings,30,33.8,18.7,6.7,14.7,45.5,3.9,4.6,1.2,5.1,6.3,2.7,1.5,0.9,2.5
Mike Conley Jr,Grizzlies,35,32.5,18.6,6.1,14.2,43.2,4.1,4.7,0.6,3.3,3.9,6.2,1.3,0.4,2.3
Louis Williams,Lakers,49,24.3,18.2,5.6,12.8,43.4,5.1,5.8,0.2,2.0,2.2,3.1,1.1,0.2,2.0
Derrick Rose,Knicks,42,32.3,18.0,7.3,16.0,45.5,3.2,3.7,1.2,2.7,3.9,4.5,0.7,0.4,2.5
Paul Millsap,Hawks,43,34.0,18.0,6.4,14.4,44.4,3.9,5.2,1.7,6.4,8.1,3.8,1.5,1.0,2.3
George Hill,Jazz,23,31.5,18.0,6.3,12.9,48.5,3.5,4.3,0.5,3.1,3.7,4.2,1.0,0.3,1.6
Avery Bradley,Celtics,36,34.9,17.7,7.1,15.0,47.4,1.3,1.8,1.1,5.8,6.9,2.4,1.3,0.2,1.8
Dennis Schroeder,Hawks,46,30.7,17.6,6.8,14.5,46.8,2.7,3.3,0.5,2.4,3.0,6.3,0.8,0.2,2.9
LaMarcus Aldridge,Spurs,41,32.3,17.6,7.0,13.9,50.2,3.3,4.0,2.2,4.9,7.1,2.3,0.6,1.0,1.3
Chris Paul,Clippers,36,30.9,17.5,5.8,12.3,47.1,3.9,4.5,0.8,4.6,5.3,9.7,2.3,0.1,2.4
Eric Gordon,Rockets,46,30.5,17.4,6.0,14.2,42.1,1.8,2.2,0.3,2.4,2.7,2.8,0.6,0.5,1.8
Reggie Jackson,Pistons,25,29.3,16.9,6.3,14.5,43.5,2.7,3.2,0.5,1.8,2.4,5.6,0.7,0.1,2.7
Hassan Whiteside,Heat,42,33.3,16.9,7.1,13.0,55.0,2.7,4.8,3.7,10.2,13.9,0.7,0.8,2.0,2.0
Danilo Gallinari,Nuggets,40,34.2,16.8,4.9,11.4,42.9,5.1,5.7,0.5,4.4,4.9,2.3,0.7,0.3,1.4
Tobias Harris,Pistons,46,32.9,16.7,6.5,13.4,48.5,2.3,2.6,0.5,4.6,5.2,1.8,0.7,0.5,1.3
Evan Fournier,Magic,37,32.1,16.5,5.9,13.3,44.3,3.1,3.7,0.6,2.4,3.0,3.2,1.0,0.1,2.0
Victor Oladipo,Thunder,37,33.8,16.2,6.3,13.8,45.7,1.5,2.1,0.6,3.6,4.2,2.6,1.1,0.4,1.6
Wilson Chandler,Nuggets,40,30.4,15.9,6.2,13.6,45.7,1.9,2.6,1.5,5.3,6.8,2.0,0.8,0.4,1.7
Myles Turner,Pacers,43,30.1,15.7,5.9,11.2,53.1,3.2,4.0,1.5,6.0,7.5,1.0,0.7,2.3,1.4
J.J. Redick,Clippers,44,28.1,15.7,5.4,12.0,45.2,2.2,2.5,0.2,1.9,2.1,1.3,0.7,0.1,1.3
Al Horford,Celtics,35,33.2,15.5,6.1,13.1,46.5,1.7,2.1,1.5,5.2,6.6,5.1,0.8,1.7,1.6
Jeff Teague,Pacers,44,32.3,15.5,5.0,11.3,44.8,4.5,5.3,0.5,3.7,4.1,8.0,1.6,0.5,2.9
Ersan Ilyasova,76ers,41,27.8,15.4,5.7,12.4,45.5,1.8,2.3,1.3,4.8,6.1,1.9,0.5,0.3,1.4
Serge Ibaka,Magic,46,30.3,15.2,6.2,12.6,48.8,1.4,1.7,1.8,5.2,6.9,1.0,0.6,1.7,1.2
Nikola Jokic,Nuggets,40,25.8,15.2,6.1,10.3,59.2,2.5,3.0,2.7,5.6,8.4,3.9,0.7,0.7,1.9
Wesley Matthews,Mavericks,43,35.4,15.0,5.1,12.9,39.4,1.9,2.4,0.3,3.0,3.3,2.2,1.2,0.3,1.4
Dion Waiters,Heat,26,30.2,14.9,5.8,14.2,41.1,1.7,2.7,0.4,2.9,3.3,3.9,0.8,0.4,2.1
Nicolas Batum,Hornets,43,34.6,14.8,4.9,12.5,39.6,3.3,3.9,0.7,6.6,7.3,5.9,1.1,0.4,2.5
Enes Kanter,Thunder,46,21.9,14.6,5.7,10.2,56.4,3.0,3.8,2.7,4.1,6.8,1.0,0.4,0.7,1.6
Kentavious Caldwell-Pope,Pistons,41,33.6,14.5,5.2,12.2,42.2,2.0,2.4,0.8,2.6,3.4,3.0,1.3,0.2,1.2
Jrue Holiday,Pelicans,31,30.7,14.5,5.5,12.6,43.2,2.1,2.9,0.5,2.9,3.5,7.2,1.5,0.5,2.6
D'Angelo Russell,Lakers,34,26.3,14.3,5.1,12.9,39.5,2.2,2.9,0.6,3.1,3.7,4.4,1.2,0.3,2.6
Andre Drummond,Pistons,45,30.5,14.2,6.1,11.5,53.2,1.9,4.5,3.9,9.7,13.6,1.1,1.6,1.2,2.1
Tyler Johnson,Heat,40,31.0,14.2,5.1,11.8,43.1,2.6,3.5,0.6,3.7,4.3,3.2,1.2,0.8,1.0
Otto Porter,Wizards,45,33.7,14.2,5.6,10.5,53.2,1.1,1.4,1.4,5.1,6.5,1.6,1.5,0.6,0.7
Bojan Bogdanovic,Nets,45,26.5,14.1,4.8,10.9,44.0,2.6,3.0,0.4,3.0,3.4,1.6,0.4,0.1,1.5
Sean Kilpatrick,Nets,44,26.8,14.0,4.7,11.3,41.3,3.2,3.8,0.3,4.0,4.3,2.5,0.8,0.1,2.4
Rodney Hood,Jazz,37,29.3,14.0,5.2,12.5,41.8,1.5,2.0,0.3,3.4,3.6,2.0,0.6,0.2,1.2
Jordan Clarkson,Lakers,49,27.5,14.0,5.6,12.3,45.2,1.6,2.0,0.7,2.1,2.8,2.1,1.2,0.1,1.9
Jeremy Lin,Nets,12,25.0,13.9,5.1,10.8,46.9,2.4,3.4,0.2,3.1,3.3,5.8,1.3,0.5,2.7
Markieff Morris,Wizards,44,31.9,13.9,5.3,11.8,44.9,2.6,3.2,1.4,5.2,6.6,1.9,1.1,0.6,1.9
Nikola Vucevic,Magic,44,28.1,13.8,6.2,13.1,47.3,1.1,1.8,2.2,7.5,9.8,2.8,0.9,1.0,1.6
Ryan Anderson,Rockets,46,30.4,13.8,4.6,10.8,42.7,1.9,2.1,1.6,3.3,5.0,1.0,0.5,0.2,0.9
Jae Crowder,Celtics,37,32.2,13.7,4.8,9.8,48.8,1.9,2.1,0.5,4.6,5.1,2.2,1.0,0.3,1.1
Marcus Morris,Pistons,45,32.6,13.7,5.2,12.7,41.1,1.7,2.1,0.9,3.5,4.4,2.0,0.8,0.3,1.1
Dwight Howard,Hawks,41,29.4,13.7,5.3,8.4,63.4,3.1,5.4,4.3,8.4,12.8,1.3,0.9,1.2,2.1
Zach Randolph,Grizzlies,40,23.9,13.7,5.9,13.2,44.8,1.6,2.2,2.4,5.9,8.2,1.8,0.5,0.2,1.2
Nick Young,Lakers,42,26.5,13.7,4.7,10.5,44.8,1.5,1.7,0.5,1.8,2.3,1.0,0.6,0.3,0.6
Deron Williams,Mavericks,37,30.1,13.5,5.1,11.7,43.2,1.8,2.2,0.4,2.3,2.7,7.1,0.6,0.1,2.4
Will Barton,Nuggets,32,28.6,13.4,4.7,10.6,44.7,2.5,3.3,1.0,3.4,4.4,3.0,0.8,0.4,1.5
Dirk Nowitzki,Mavericks,20,24.9,13.3,5.0,12.4,40.1,2.0,2.4,0.6,5.2,5.8,1.5,0.5,0.7,0.9
T.J. Warren,Suns,32,29.1,13.3,5.6,12.2,45.6,1.8,2.3,1.6,2.0,3.6,1.0,1.3,0.3,0.9
Julius Randle,Lakers,44,29.2,13.0,5.0,10.3,48.8,2.8,4.0,1.8,6.6,8.4,3.8,0.8,0.5,2.6
Rudy Gobert,Jazz,47,33.4,12.8,4.5,6.8,66.4,3.8,5.9,3.7,8.9,12.6,0.9,0.7,2.5,1.9
Gary Harris,Nuggets,20,27.0,12.7,4.8,10.0,48.2,1.8,2.5,0.8,2.2,3.0,2.9,0.8,0.2,1.0
Darren Collison,Kings,37,29.4,12.6,4.7,9.9,47.0,2.2,2.6,0.5,1.6,2.1,4.2,1.0,0.1,1.5
Elfrid Payton,Magic,47,29.3,12.5,5.2,11.2,46.3,1.5,2.3,0.9,3.0,3.9,6.0,1.1,0.5,2.1
DeAndre Jordan,Clippers,47,32.0,12.5,4.9,7.1,69.0,2.7,5.3,3.7,10.3,14.0,1.1,0.6,1.8,1.6
Trevor Ariza,Rockets,49,34.6,12.3,4.4,10.3,42.7,0.9,1.3,0.7,4.6,5.3,2.2,1.9,0.3,1.0
Jose Juan Barea,Mavericks,18,24.7,12.2,4.5,10.7,42.2,1.7,1.8,0.3,2.6,2.9,4.9,0.5,0.1,1.7
Steven Adams,Thunder,44,30.1,12.2,5.0,8.5,58.9,2.1,3.0,2.9,4.6,7.5,1.2,1.2,1.2,1.9
Emmanuel Mudiay,Nuggets,41,28.6,12.1,4.2,11.2,37.4,2.5,3.2,0.5,3.0,3.5,4.2,0.9,0.3,2.6
Austin Rivers,Clippers,45,27.1,11.9,4.4,9.7,44.9,1.6,2.2,0.3,1.7,2.0,2.6,0.7,0.2,1.4
Jamal Crawford,Clippers,47,26.4,11.9,4.4,11.2,39.2,1.9,2.2,0.2,1.4,1.7,2.9,0.6,0.2,1.7
Brandon Knight,Suns,42,21.9,11.9,4.0,10.2,39.5,2.9,3.4,0.5,1.9,2.5,2.4,0.6,0.0,1.7
Jonas Valanciunas,Raptors,44,27.1,11.8,4.7,8.9,52.9,2.4,2.8,3.2,6.9,10.2,0.7,0.5,0.8,1.5
Tim Hardaway Jr,Hawks,44,23.0,11.8,4.5,10.0,44.8,1.2,1.8,0.3,1.8,2.1,1.9,0.6,0.2,1.1
Thaddeus Young,Pacers,44,31.4,11.7,5.0,9.5,52.5,0.7,1.3,1.5,4.7,6.2,1.7,1.6,0.5,1.6
Pau Gasol,Spurs,39,26.4,11.7,4.8,9.4,51.0,1.7,2.6,1.5,6.5,8.0,2.7,0.4,1.2,1.3
Aaron Gordon,Magic,47,27.7,11.6,4.5,10.3,43.8,1.4,2.3,1.3,3.4,4.7,2.0,0.8,0.4,1.1
Taj Gibson,Bulls,46,27.6,11.5,5.0,9.8,51.1,1.5,2.2,2.3,4.8,7.1,1.1,0.6,1.0,1.4
Clint Capela,Rockets,34,23.1,11.5,5.2,8.4,62.3,1.1,2.4,2.4,5.3,7.6,0.9,0.4,1.5,1.2
Tony Parker,Spurs,32,25.8,11.5,4.9,10.2,47.9,1.3,1.6,0.3,1.7,2.0,4.8,0.4,0.0,1.4
James Johnson,Heat,41,25.8,11.3,4.2,8.8,47.9,1.7,2.4,0.9,4.0,4.9,3.0,0.8,0.9,2.1
Marcin Gortat,Wizards,45,34.8,11.3,5.0,8.6,58.4,1.3,2.1,3.1,8.3,11.3,1.6,0.5,1.0,1.7
Terrence Jones,Pelicans,44,24.5,11.3,4.5,9.3,47.9,2.0,3.3,1.3,4.7,6.0,1.2,0.7,1.1,1.0
Jahlil Okafor,76ers,31,23.0,11.2,4.7,9.0,52.5,1.7,2.8,1.6,3.3,4.9,1.0,0.4,1.2,1.5
Josh Richardson,Heat,28,31.3,11.2,4.4,11.0,39.5,0.9,1.2,0.5,2.8,3.3,2.8,1.0,0.5,1.5
Wayne Ellington,Heat,26,27.3,11.2,4.1,9.9,41.2,0.9,1.0,0.2,1.8,2.0,1.4,0.8,0.1,0.3
Greg Monroe,Bucks,44,21.3,11.1,4.4,8.6,51.6,2.3,3.1,2.1,4.8,6.8,2.2,1.2,0.4,1.7
Jerryd Bayless,76ers,3,23.7,11.0,3.7,10.7,34.4,3.0,3.3,1.0,3.0,4.0,4.3,0.0,0.0,3.0
Jon Leuer,Pistons,40,26.7,11.0,4.4,8.6,51.3,1.3,1.5,1.4,4.6,6.0,1.7,0.5,0.4,0.9
Moe Harkless,Trailblazers,44,29.8,11.0,4.4,9.1,48.5,1.0,1.5,1.6,3.1,4.7,1.0,1.1,0.9,1.3
Mason Plumlee,Trailblazers,47,27.9,11.0,4.4,8.3,53.4,2.2,4.1,2.0,5.8,7.8,4.2,0.9,1.2,1.6
Justise Winslow,Heat,18,34.7,10.9,4.4,12.7,34.9,1.6,2.6,1.3,3.9,5.2,3.6,1.5,0.3,1.8
Cody Zeller,Hornets,38,26.9,10.9,4.2,7.2,59.0,2.4,3.5,2.3,4.2,6.6,1.4,0.7,1.1,1.2
Robert Covington,76ers,41,30.5,10.8,3.7,9.9,37.2,1.6,2.0,1.4,4.5,5.8,1.6,1.6,0.9,2.0
Kent Bazemore,Hawks,44,27.1,10.8,4.0,10.3,38.6,1.6,2.3,0.6,2.5,3.1,2.7,1.3,0.6,1.6
Seth Curry,Mavericks,41,26.9,10.8,4.1,8.9,46.6,0.9,1.1,0.4,1.9,2.3,2.5,1.2,0.1,1.2
Gorgui Dieng,Timberwolves,45,32.2,10.8,4.6,8.6,53.5,1.5,2.0,2.3,5.1,7.4,2.0,1.0,1.2,1.5
Marco Belinelli,Hornets,41,24.6,10.8,3.7,8.4,43.6,1.9,2.1,0.2,2.4,2.6,1.9,0.7,0.1,0.9
Marvin Williams,Hornets,40,27.1,10.8,3.9,9.6,40.4,1.3,1.6,1.1,4.4,5.5,1.3,0.7,0.5,0.7
Draymond Green,Warriors,44,33.3,10.7,3.8,8.6,44.6,1.9,2.9,1.6,6.9,8.5,7.5,1.9,1.4,2.3
Terrence Ross,Raptors,45,22.4,10.6,4.0,9.0,44.3,0.9,1.0,0.2,2.1,2.4,0.7,1.0,0.4,0.5
C.J. Miles,Pacers,38,22.0,10.6,3.7,8.6,42.4,1.2,1.4,0.4,2.5,2.9,0.6,0.7,0.5,0.5
Patrick Mills,Spurs,44,22.1,10.4,3.7,8.0,46.3,1.0,1.2,0.3,1.5,1.8,3.4,0.9,0.0,1.4
Allen Crabbe,Trailblazers,47,28.8,10.4,3.7,8.1,45.9,1.5,1.7,0.3,2.6,2.9,1.3,0.6,0.2,0.9
Tyreke Evans,Pelicans,18,17.4,10.3,3.7,9.1,40.5,1.9,2.3,0.3,3.1,3.3,4.0,0.9,0.1,1.4
Marreese Speights,Clippers,47,16.5,10.2,3.4,7.4,46.0,2.0,2.3,1.2,3.6,4.8,0.9,0.3,0.5,0.8
Courtney Lee,Knicks,42,30.8,10.0,3.8,8.5,44.9,0.9,1.0,0.7,2.3,3.0,1.9,0.8,0.3,0.7
Frank Kaminsky,Hornets,44,24.2,10.0,3.7,9.5,38.8,1.4,1.8,0.9,3.5,4.4,1.9,0.7,0.4,1.0
Marcus Smart,Celtics,42,30.7,9.9,3.3,9.3,35.9,2.1,2.6,1.0,2.8,3.9,4.4,1.5,0.4,2.0
Trevor Booker,Nets,41,26.9,9.9,4.2,8.0,52.0,1.2,1.7,2.1,6.6,8.8,2.3,1.3,0.5,1.7
Doug McDermott,Bulls,34,25.3,9.9,3.7,8.5,43.3,1.3,1.4,0.4,2.9,3.2,1.1,0.3,0.1,0.7
DeMarre Carroll,Raptors,41,26.1,9.8,3.4,8.2,41.2,1.3,1.7,0.9,2.8,3.7,0.8,1.2,0.4,0.6
Tony Allen,Grizzlies,40,28.2,9.8,4.1,8.7,47.4,1.4,2.2,2.5,3.3,5.8,1.3,1.8,0.5,1.6
E'Twaun Moore,Pelicans,42,24.8,9.8,4.0,8.7,45.5,0.7,1.0,0.5,1.7,2.2,2.2,0.6,0.5,1.0
Dario Saric,76ers,44,23.9,9.7,3.5,9.3,37.4,1.5,1.9,1.3,4.6,5.9,1.6,0.5,0.3,1.9
Gerald Henderson,76ers,40,24.4,9.7,3.6,7.8,45.7,1.6,1.9,0.4,2.2,2.6,1.7,0.5,0.2,0.9
Lance Stephenson,Pelicans,6,27.0,9.7,4.3,9.2,47.3,0.8,1.3,0.7,2.7,3.3,4.8,0.3,0.2,1.8
Jeff Green,Magic,46,23.9,9.6,3.3,8.4,38.7,2.2,2.6,0.6,2.5,3.0,1.2,0.5,0.2,1.2
Montrezl Harrell,Rockets,40,19.4,9.6,4.1,6.3,65.6,1.4,2.2,1.4,2.4,3.8,1.2,0.4,0.8,0.9
Troy Daniels,Grizzlies,33,19.1,9.5,3.2,8.2,38.6,1.0,1.2,0.3,1.2,1.4,0.7,0.4,0.1,0.6
Kenneth Faried,Nuggets,40,22.1,9.5,3.7,6.6,55.7,2.2,3.2,3.0,4.8,7.7,0.9,0.7,0.8,1.0
Patrick Beverley,Rockets,35,30.9,9.4,3.6,8.1,44.3,0.6,0.8,1.5,4.4,5.9,4.4,1.6,0.5,1.4
Langston Galloway,Pelicans,45,21.6,9.4,3.3,8.8,37.5,0.8,1.0,0.4,2.0,2.4,1.3,0.9,0.1,0.6
Evan Turner,Trailblazers,44,26.0,9.4,3.7,8.6,43.2,1.5,1.8,0.6,3.4,4.0,3.3,0.9,0.4,1.5
Tim Frazier,Pelicans,36,26.4,9.3,3.3,7.8,43.0,1.8,2.3,0.5,2.5,3.1,6.3,1.0,0.2,2.1
Derrick Favors,Jazz,32,23.4,9.3,3.8,8.3,45.9,1.6,2.6,1.6,4.4,6.0,0.9,0.8,0.9,1.3
Nikola Mirotic,Bulls,41,22.9,9.2,3.1,8.3,38.1,1.4,1.8,0.8,4.5,5.3,0.9,0.7,0.8,1.1
Robin Lopez,Bulls,47,28.3,9.2,4.2,8.7,48.3,0.8,1.2,3.4,3.6,7.0,0.8,0.2,1.7,1.1
Malcolm Brogdon,Bucks,45,25.2,9.2,3.5,7.9,43.8,1.3,1.5,0.6,2.2,2.7,4.2,1.1,0.1,1.5
Jeremy Lamb,Hornets,28,17.8,9.2,3.4,7.7,44.0,1.9,2.3,0.5,4.2,4.8,1.2,0.4,0.4,0.6
Michael Kidd-Gilchrist,Hornets,45,29.8,9.2,3.6,7.9,45.5,2.0,2.7,2.2,5.4,7.5,1.3,0.8,1.0,0.8
Cory Joseph,Raptors,45,22.8,9.1,3.6,7.9,45.8,1.4,1.8,0.6,2.2,2.8,2.8,0.8,0.1,1.0
Channing Frye,Cavaliers,37,18.6,9.1,3.1,7.2,43.6,0.9,1.0,0.6,2.7,3.2,0.6,0.4,0.4,0.7
Rodney Stuckey,Pacers,17,20.3,9.1,3.1,6.9,44.1,2.5,3.4,0.2,2.5,2.7,2.1,0.4,0.0,1.6
JaMychal Green,Grizzlies,45,29.4,9.0,3.3,6.9,47.4,1.7,2.2,2.2,5.3,7.4,1.2,0.8,0.6,1.2
Jodie Meeks,Magic,24,21.7,8.9,2.9,7.0,41.7,1.6,1.8,0.1,2.1,2.3,1.5,1.2,0.1,1.0
Tyson Chandler,Suns,36,28.5,8.9,3.5,5.2,67.9,1.8,2.6,3.7,8.6,12.3,0.6,0.6,0.5,1.5
Ty Lawson,Kings,43,24.7,8.9,3.1,7.4,42.6,2.1,2.6,0.7,2.0,2.7,4.3,1.1,0.1,1.7
Michael Beasley,Bucks,37,16.5,8.8,3.5,6.9,51.4,1.4,1.8,0.7,2.9,3.6,1.1,0.5,0.5,1.2
Buddy Hield,Pelicans,46,20.2,8.8,3.3,8.5,39.0,0.6,0.6,0.4,2.5,2.8,1.3,0.3,0.1,0.9
Al Jefferson,Pacers,44,15.1,8.7,3.7,7.5,49.7,1.2,1.5,1.3,3.0,4.3,0.8,0.3,0.3,0.5
Jameer Nelson,Nuggets,44,25.0,8.7,3.5,7.8,44.6,0.5,0.8,0.4,1.7,2.0,4.5,0.6,0.1,1.8
Joe Harris,Nets,40,22.6,8.6,3.1,7.2,43.4,0.7,1.0,0.3,2.7,3.0,1.2,0.6,0.1,1.1
J.R. Smith,Cavaliers,21,28.9,8.6,3.0,8.8,33.7,0.3,0.4,0.4,1.8,2.1,1.2,1.2,0.4,0.7
Monta Ellis,Pacers,36,28.3,8.6,3.2,7.3,43.7,1.7,2.1,0.2,2.7,2.9,3.3,1.1,0.4,2.0
D.J. Augustin,Magic,46,20.3,8.6,2.8,7.2,39.4,1.5,1.8,0.1,1.3,1.5,3.2,0.4,0.0,1.1
Jusuf Nurkic,Nuggets,39,18.5,8.6,3.6,6.9,53.0,1.3,2.6,2.0,4.1,6.1,1.3,0.6,0.8,2.0
Nik Stauskas,76ers,42,26.1,8.5,2.8,6.9,41.2,1.3,1.6,0.2,2.3,2.5,2.0,0.5,0.5,1.5
Sergio Rodriguez,76ers,39,24.9,8.5,3.4,8.6,39.2,0.3,0.4,0.4,2.4,2.8,5.7,0.9,0.1,2.3
Kelly Olynyk,Celtics,39,20.8,8.4,3.1,6.5,47.6,1.1,1.5,0.8,3.5,4.3,2.0,0.7,0.4,1.3
Shabazz Muhammad,Timberwolves,41,18.8,8.4,3.0,6.6,46.1,1.7,2.1,0.9,1.9,2.8,0.4,0.2,0.1,0.8
Nerlens Noel,76ers,18,17.1,8.2,3.3,5.6,59.4,1.5,2.0,1.7,3.2,4.9,0.7,1.1,0.8,0.9
Vince Carter,Grizzlies,40,23.9,8.2,2.7,6.9,39.4,1.2,1.7,0.5,2.8,3.3,1.7,0.8,0.5,0.6
Rondae Hollis-Jefferson,Nets,41,21.6,8.1,2.7,6.5,40.7,2.6,3.3,0.7,4.0,4.7,2.0,1.1,0.5,1.5
Kyle Korver,Cavaliers,8,25.3,8.1,3.0,7.0,42.9,0.0,0.0,0.4,2.6,3.0,0.8,0.5,0.1,0.6
Tony Snell,Bucks,44,29.0,8.1,3.0,6.7,45.1,0.5,0.6,0.3,3.0,3.4,1.3,0.5,0.2,0.6
Joe Johnson,Jazz,46,22.1,8.1,3.1,7.3,42.9,0.7,0.9,0.3,2.6,2.9,1.6,0.4,0.2,0.8
Brandon Ingram,Lakers,49,28.0,8.1,2.8,7.8,36.4,1.8,2.7,0.7,3.4,4.1,2.0,0.5,0.4,1.3
Luol Deng,Lakers,45,27.4,8.1,3.1,8.0,39.4,0.8,1.2,1.2,4.4,5.6,1.5,0.9,0.3,0.8
Brandon Jennings,Knicks,47,23.3,8.0,2.7,7.0,38.5,1.6,2.0,0.4,2.2,2.6,4.7,0.8,0.1,2.0
Jerami Grant,76ers,2,20.5,8.0,3.0,8.5,35.3,2.0,4.0,0.0,3.5,3.5,0.0,0.0,2.0,1.5
Ishmael Smith,Pistons,45,24.1,8.0,3.4,8.3,41.3,0.8,1.2,0.2,2.4,2.6,5.0,0.8,0.3,1.4
Manu Ginobili,Spurs,38,19.2,8.0,2.6,6.8,37.6,1.6,1.8,0.4,2.1,2.5,2.5,1.2,0.3,1.4
Jamal Murray,Nuggets,44,19.6,8.0,2.8,7.6,37.5,1.1,1.3,0.6,2.0,2.6,1.8,0.5,0.3,1.3
Trey Lyles,Jazz,47,19.3,8.0,2.9,7.4,39.5,1.0,1.4,0.8,3.0,3.9,1.3,0.5,0.4,1.1
Jared Dudley,Suns,30,22.7,8.0,2.9,5.8,49.1,0.8,1.2,0.5,3.0,3.5,1.7,0.7,0.2,1.3
Iman Shumpert,Cavaliers,43,24.9,7.9,2.7,6.1,44.9,1.0,1.3,0.6,2.3,2.9,1.7,1.0,0.3,1.1
Nene,Rockets,42,17.0,7.9,3.0,5.0,60.3,1.8,3.1,1.2,2.5,3.7,0.9,0.8,0.6,1.2
Ricky Rubio,Timberwolves,39,31.7,7.9,2.3,6.2,37.3,2.7,3.1,1.1,2.8,4.0,8.0,1.8,0.1,2.2
Shelvin Mack,Jazz,42,22.5,7.9,3.2,7.2,44.2,0.8,1.2,0.4,1.9,2.2,2.9,0.8,0.0,1.9
Garrett Temple,Kings,45,26.5,7.9,2.8,6.4,44.8,1.0,1.2,0.6,2.2,2.8,2.2,1.2,0.5,1.0
James Ennis,Grizzlies,33,26.1,7.8,2.6,5.9,44.4,1.6,2.1,1.4,3.1,4.5,1.1,0.8,0.3,1.0
Alex Len,Suns,43,20.7,7.8,2.9,5.7,50.8,2.0,2.7,1.9,4.8,6.7,0.5,0.4,1.4,1.3
Matthew Dellavedova,Bucks,40,26.7,7.7,2.8,7.2,38.8,1.1,1.3,0.4,1.9,2.2,5.3,0.8,0.0,1.8
Thabo Sefolosha,Hawks,43,26.1,7.7,3.1,6.7,46.0,1.0,1.3,0.8,3.6,4.3,1.6,1.7,0.5,1.0
Mike Muscala,Hawks,40,20.5,7.6,3.0,5.9,50.9,0.9,1.1,1.4,2.4,3.7,1.4,0.6,0.6,0.9
Timofey Mozgov,Lakers,48,21.0,7.6,3.2,6.3,51.2,1.1,1.4,2.0,2.9,4.9,0.8,0.3,0.5,1.3
Arron Afflalo,Kings,38,24.3,7.6,2.7,6.3,43.2,1.2,1.3,0.2,1.8,2.0,1.1,0.4,0.1,0.6
Sam Dekker,Rockets,49,19.6,7.5,3.0,6.4,47.1,0.6,1.0,1.5,2.6,4.1,1.1,0.6,0.3,0.6
Danny Green,Spurs,37,26.4,7.5,2.6,6.3,42.2,0.3,0.4,0.3,2.7,3.0,1.9,0.9,0.7,1.0
Raymond Felton,Clippers,45,21.9,7.5,3.1,7.0,44.3,0.5,0.7,0.4,2.2,2.6,2.5,0.8,0.4,1.0
Michael Carter-Williams,Bulls,18,21.8,7.4,2.7,7.8,35.0,1.6,1.9,0.8,3.8,4.6,2.4,0.9,0.4,1.8
Quincy Acy,Nets,8,10.6,7.3,2.3,3.8,60.0,1.6,1.9,0.9,1.6,2.5,0.3,0.4,0.3,0.5
Justin Holiday,Knicks,47,19.1,7.3,2.6,6.1,43.0,1.0,1.1,0.4,2.4,2.9,1.0,0.9,0.4,0.8
Dwight Powell,Mavericks,45,19.4,7.3,2.8,5.2,53.8,1.6,2.0,1.5,3.2,4.8,0.8,1.0,0.6,0.4
Richaun Holmes,76ers,24,15.9,7.2,3.0,5.5,53.4,0.9,1.4,1.4,2.9,4.3,0.8,0.6,0.8,0.9
Al-Farouq Aminu,Trailblazers,29,28.1,7.2,2.6,7.3,35.4,1.2,1.7,1.2,5.9,7.0,2.2,1.0,0.7,1.5
Marquese Chriss,Suns,45,18.0,7.2,2.8,6.5,42.5,1.0,1.6,1.1,2.3,3.4,0.6,0.6,0.5,1.2
Matt Barnes,Kings,42,24.4,7.2,2.6,6.9,37.4,0.9,1.2,1.0,3.8,4.7,2.7,0.6,0.3,1.5
Spencer Hawes,Hornets,31,17.2,7.2,3.0,6.2,48.2,0.7,0.8,0.8,3.3,4.1,1.8,0.4,0.7,1.2
Caris LeVert,Nets,24,18.8,7.1,2.5,5.5,45.8,1.1,1.5,0.3,2.2,2.5,2.0,0.8,0.1,0.8
Patrick Patterson,Raptors,35,27.8,7.1,2.5,6.6,37.1,0.6,0.9,1.2,4.2,5.4,1.5,0.8,0.3,0.7
Tristan Thompson,Cavaliers,44,29.0,7.1,2.8,5.0,56.3,1.5,3.0,3.6,6.0,9.6,0.8,0.5,1.2,0.8
Mirza Teletovic,Bucks,37,17.2,7.1,2.4,6.4,37.7,0.6,0.7,0.2,2.4,2.6,0.8,0.2,0.2,0.7
David Lee,Spurs,44,18.0,7.0,3.0,5.1,58.9,1.0,1.3,1.7,3.7,5.3,1.6,0.4,0.4,0.9
Isaiah Whitehead,Nets,37,22.3,6.9,2.6,6.8,39.2,1.0,1.3,0.3,2.3,2.5,2.8,0.6,0.5,2.1
Justin Anderson,Mavericks,41,15.2,6.9,2.3,5.8,39.7,1.5,2.0,0.9,2.3,3.1,0.7,0.6,0.4,0.9
Larry Nance,Lakers,30,21.8,6.8,3.0,5.2,58.3,0.6,0.9,1.6,3.8,5.3,1.3,1.1,0.7,0.8
Justin Hamilton,Nets,39,19.8,6.7,2.6,6.1,43.3,0.5,0.6,1.2,3.3,4.5,0.9,0.5,0.7,0.8
John Henson,Bucks,41,20.1,6.7,2.7,5.4,49.8,1.4,1.9,1.5,3.7,5.2,1.2,0.5,1.4,1.0
Andrew Harrison,Grizzlies,44,24.0,6.7,1.8,5.9,30.4,2.5,3.2,0.5,1.8,2.3,3.3,0.8,0.4,1.4
Darrell Arthur,Nuggets,20,15.4,6.7,2.5,5.0,50.0,0.3,0.3,0.5,2.0,2.5,1.1,0.4,0.5,1.0
Andre Roberson,Thunder,46,30.9,6.7,2.7,6.2,43.8,0.6,1.5,1.0,3.7,4.7,1.1,1.2,1.0,0.7
Marcus Thornton,Wizards,33,17.4,6.6,2.5,6.4,40.0,0.7,0.8,0.7,1.6,2.3,1.2,0.6,0.1,0.8
Chandler Parsons,Grizzlies,19,18.1,6.6,2.5,6.9,36.6,0.8,1.0,0.2,1.7,1.9,1.4,0.7,0.2,0.5
Ian Clark,Warriors,42,14.0,6.6,2.5,5.2,48.9,0.7,0.9,0.3,1.1,1.4,1.1,0.5,0.1,0.6
Norman Powell,Raptors,42,15.7,6.5,2.3,5.3,43.9,1.2,1.6,0.2,1.5,1.7,0.9,0.7,0.2,0.6
Luc Richard Mbah A Moute,Clippers,45,23.5,6.5,2.4,5.0,49.1,1.0,1.4,0.8,1.8,2.6,0.4,1.1,0.6,0.7
PJ Tucker,Suns,45,27.8,6.5,2.4,5.8,41.0,1.1,1.5,1.5,4.2,5.7,1.2,1.4,0.2,0.9
Anthony Tolliver,Kings,33,21.7,6.5,2.2,5.0,43.3,1.0,1.2,0.9,2.4,3.3,0.9,0.4,0.2,0.6
Rajon Rondo,Bulls,38,27.3,6.4,2.8,7.7,36.4,0.4,0.7,1.0,4.5,5.5,6.5,1.3,0.2,2.4
Reggie Bullock,Pistons,9,19.9,6.4,2.7,5.9,45.3,0.2,0.4,0.7,1.9,2.6,1.2,0.4,0.3,0.7
Kelly Oubre,Wizards,43,19.9,6.4,2.3,5.4,43.3,0.9,1.2,0.7,2.8,3.5,0.7,0.7,0.2,0.7
Joe Ingles,Jazz,47,21.0,6.4,2.3,4.8,47.1,0.6,0.8,0.2,2.4,2.6,2.3,1.1,0.1,1.0
Ramon Sessions,Hornets,46,16.4,6.4,2.1,5.5,38.5,1.8,2.3,0.2,1.3,1.5,2.7,0.5,0.1,0.9
Beno Udrih,Pistons,27,15.4,6.3,2.5,5.5,45.9,0.9,1.0,0.2,1.2,1.4,3.3,0.3,0.0,0.9
Bismack Biyombo,Magic,46,24.5,6.3,2.3,4.5,52.2,1.6,3.2,2.1,5.6,7.8,1.0,0.3,1.3,1.3
Dante Cunningham,Pelicans,33,25.4,6.3,2.5,5.9,41.8,0.2,0.3,0.8,3.5,4.4,0.6,0.6,0.6,0.5
Jonathon Simmons,Spurs,44,18.1,6.3,2.3,5.2,44.1,1.3,1.8,0.3,1.9,2.1,1.8,0.6,0.4,1.0
Amir Johnson,Celtics,44,19.9,6.2,2.5,4.6,53.7,1.0,1.4,1.7,2.9,4.5,1.8,0.6,0.7,0.9
Jonathan Gibson,Mavericks,17,13.6,6.2,2.1,5.6,36.8,1.2,1.7,0.1,1.2,1.3,1.6,0.5,0.0,1.2
Kosta Koufos,Kings,45,19.3,6.2,2.8,4.8,58.5,0.5,0.9,1.7,3.8,5.5,0.6,0.5,0.6,0.9
Derrick Williams,Heat,24,15.4,6.1,2.2,5.6,39.6,1.3,2.1,0.6,2.3,3.0,0.6,0.4,0.2,0.5
Kyle O'Quinn,Knicks,45,14.8,6.0,2.7,5.0,54.2,0.6,0.8,2.0,3.4,5.4,1.2,0.4,1.2,0.9
Glenn Robinson,Pacers,42,22.5,6.0,2.3,5.4,42.0,0.8,1.1,0.9,2.8,3.7,0.8,0.5,0.4,0.7
Malcolm Delaney,Hawks,46,17.4,6.0,2.3,5.5,41.2,1.0,1.3,0.2,1.6,1.8,2.9,0.5,0.0,1.5
Solomon Hill,Pelicans,44,27.5,6.0,2.0,5.3,38.1,1.1,1.4,0.5,3.3,3.7,1.8,0.8,0.5,0.9
Domantas Sabonis,Thunder,46,21.2,6.0,2.5,5.8,42.0,0.3,0.5,0.5,3.0,3.5,1.2,0.5,0.4,1.0
Jordan Farmar,Kings,2,17.5,6.0,2.0,6.0,33.3,0.0,0.0,0.5,1.0,1.5,4.5,1.0,0.0,1.5
Spencer Dinwiddie,Nets,22,20.5,5.9,2.0,4.6,44.6,1.4,1.8,0.4,2.3,2.6,2.7,0.5,0.5,1.4
Mindaugas Kuzminskas,Knicks,40,13.6,5.9,2.2,4.9,44.6,0.7,0.8,0.7,1.1,1.7,0.9,0.5,0.2,0.7
Nemanja Bjelica,Timberwolves,43,17.0,5.9,2.1,5.2,40.6,0.8,1.0,0.7,2.6,3.2,1.1,0.6,0.2,0.9
Dante Exum,Jazz,33,19.5,5.9,2.2,5.5,40.7,0.8,0.9,0.5,1.5,1.9,1.7,0.3,0.2,1.0
Omri Casspi,Kings,22,18.0,5.9,2.4,5.3,45.3,0.5,1.0,0.9,3.2,4.1,1.2,0.5,0.0,0.8
Terry Rozier,Celtics,40,18.0,5.8,2.2,5.7,37.7,0.7,1.0,0.5,2.6,3.1,1.7,0.7,0.2,0.6
Guillermo Hernangomez,Knicks,39,13.9,5.8,2.4,4.5,54.6,0.8,1.2,1.5,3.6,5.2,0.8,0.3,0.5,1.2
Toney Douglas,Grizzlies,6,17.8,5.8,2.3,6.0,38.9,0.7,0.8,0.3,2.3,2.7,2.7,1.0,0.2,0.8
Alec Burks,Jazz,11,11.2,5.8,2.0,4.1,48.9,1.5,2.4,0.3,1.3,1.5,0.5,0.4,0.2,0.4
Zaza Pachulia,Warriors,42,18.8,5.8,2.2,4.1,52.3,1.4,1.9,2.1,3.8,6.0,2.0,0.9,0.4,1.3
Andre Iguodala,Warriors,44,25.3,5.8,2.3,4.7,48.1,0.5,0.8,0.7,3.2,3.9,3.4,0.9,0.4,0.7
Tarik Black,Lakers,37,15.4,5.8,2.2,4.2,51.6,1.5,1.9,2.2,3.0,5.2,0.5,0.4,0.5,0.7
Isaiah Canaan,Bulls,28,18.5,5.7,2.0,5.4,37.5,0.9,1.0,0.2,1.4,1.6,1.0,0.7,0.0,0.7
Devin Harris,Mavericks,29,15.7,5.7,1.7,4.6,37.6,1.4,1.6,0.2,1.6,1.9,1.5,0.4,0.1,0.7
Aaron Brooks,Pacers,40,14.7,5.6,2.2,5.1,42.4,0.6,0.7,0.3,0.8,1.1,2.4,0.6,0.2,1.2
Rodney McGruder,Heat,42,25.6,5.6,2.0,5.4,37.7,0.7,1.0,1.3,2.1,3.4,1.5,0.6,0.2,0.6
Meyers Leonard,Trailblazers,41,16.0,5.6,2.0,5.5,36.2,0.6,0.6,0.4,2.8,3.2,0.8,0.1,0.4,0.6
Alex Abrines,Thunder,39,14.3,5.6,1.8,4.6,39.7,0.8,0.9,0.3,0.9,1.2,0.5,0.5,0.1,0.6
Brandon Bass,Clippers,31,12.2,5.6,2.1,3.6,58.4,1.4,1.5,0.8,1.6,2.5,0.5,0.2,0.2,0.7
Hollis Thompson,76ers,31,18.1,5.5,2.1,5.1,41.5,0.4,0.6,0.5,2.2,2.6,0.8,0.5,0.2,0.3
Anthony Morrow,Thunder,31,15.2,5.5,2.1,5.2,40.6,0.5,0.6,0.2,0.4,0.6,0.5,0.5,0.1,0.2
JaVale McGee,Warriors,41,8.2,5.5,2.5,3.7,67.3,0.6,1.3,0.9,1.7,2.5,0.2,0.2,0.6,0.6
Leandro Barbosa,Suns,42,12.7,5.5,2.3,5.1,45.8,0.3,0.3,0.2,1.2,1.4,1.2,0.5,0.1,0.5
Yogi Ferrell,Nets,10,15.1,5.4,1.8,4.9,36.7,1.0,1.6,0.4,0.8,1.2,1.7,0.2,0.2,1.4
Luis Scola,Nets,32,12.6,5.4,2.2,4.4,48.6,0.7,1.0,1.5,2.3,3.8,0.9,0.3,0.1,0.9
Donatas Motiejunas,Pelicans,9,14.0,5.4,1.9,4.1,45.9,0.9,1.7,0.8,2.2,3.0,1.3,0.7,0.4,0.9
Gerald Green,Celtics,25,10.8,5.3,1.9,4.8,38.8,0.7,0.8,0.4,1.6,2.0,0.9,0.2,0.2,0.5
Joakim Noah,Knicks,41,22.6,5.3,2.3,4.6,49.7,0.8,1.8,3.6,5.4,9.0,2.3,0.6,0.8,1.3
Chasson Randle,76ers,3,8.0,5.3,1.7,2.7,62.5,0.7,0.7,0.0,0.7,0.7,0.3,0.7,0.0,0.3
Willie Reed,Heat,37,14.0,5.3,2.2,3.9,57.6,0.8,1.4,1.8,3.0,4.8,0.4,0.2,0.8,0.4
Troy Williams,Grizzlies,24,17.4,5.3,2.1,5.1,41.8,0.6,1.0,0.3,1.6,1.8,0.8,1.0,0.4,1.1
Shaun Livingston,Warriors,44,17.5,5.3,2.4,4.2,57.0,0.5,0.8,0.5,1.6,2.0,1.7,0.4,0.2,0.9
Roy Hibbert,Hornets,39,16.1,5.3,1.9,3.5,54.4,1.5,1.9,1.3,2.2,3.5,0.5,0.2,1.1,0.8
T.J. McConnell,76ers,43,23.3,5.2,2.3,5.1,43.9,0.6,0.7,0.4,2.4,2.8,5.9,1.5,0.1,1.7
Jerian Grant,Bulls,36,15.0,5.2,1.8,4.6,38.2,1.1,1.2,0.2,1.3,1.5,1.5,0.8,0.1,0.7
Boris Diaw,Jazz,38,18.7,5.2,2.2,4.7,47.5,0.3,0.4,0.6,1.5,2.1,2.3,0.2,0.1,1.3
Ben McLemore,Kings,33,15.0,5.2,2.0,5.1,39.9,0.6,0.8,0.2,1.0,1.2,0.6,0.4,0.1,0.8
Randy Foye,Nets,32,18.0,5.1,1.7,4.8,35.1,0.7,0.9,0.1,2.1,2.2,2.2,0.4,0.2,1.3
Lucas Nogueira,Raptors,37,21.2,5.1,2.1,3.1,68.1,0.8,1.3,1.8,3.2,4.9,0.9,0.9,1.8,0.8
Richard Jefferson,Cavaliers,43,19.3,5.1,1.7,4.3,40.0,1.0,1.3,0.3,2.0,2.3,1.0,0.3,0.1,0.7
Joffrey Lauvergne,Thunder,39,13.8,5.1,1.9,4.5,43.2,0.7,1.1,0.9,2.5,3.4,0.9,0.4,0.1,0.6
Anthony Bennett,Nets,23,11.5,5.0,1.7,4.0,41.3,1.1,1.6,1.1,2.3,3.4,0.5,0.2,0.1,0.5
Archie Goodwin,Pelicans,3,10.0,5.0,0.7,1.7,40.0,3.3,3.3,0.0,0.0,0.0,0.3,0.0,0.3,0.0
Reggie Williams,Pelicans,5,12.6,5.0,1.4,4.0,35.0,1.2,1.4,0.4,0.8,1.2,0.8,0.6,0.0,0.0
Cameron Payne,Thunder,9,16.1,5.0,2.1,6.1,34.5,0.2,0.2,0.1,1.4,1.6,1.9,0.3,0.1,0.6
Jaylen Brown,Celtics,44,13.6,4.9,1.9,4.3,43.5,0.8,1.1,0.5,1.6,2.1,0.6,0.4,0.3,0.7
Josh McRoberts,Heat,22,17.3,4.9,2.0,5.3,37.6,0.3,0.4,1.1,2.3,3.4,2.3,0.5,0.2,1.0
DeWayne Dedmon,Spurs,39,16.0,4.9,2.0,3.4,59.5,0.9,1.3,1.5,4.2,5.7,0.5,0.6,0.8,0.6
Lance Thomas,Knicks,30,17.6,4.8,1.8,4.7,37.9,0.6,0.7,0.5,1.4,1.9,0.5,0.4,0.1,0.5
Kay Felder,Cavaliers,25,10.2,4.8,1.7,4.3,39.8,1.2,1.6,0.1,1.0,1.1,1.6,0.4,0.1,0.6
Kris Humphries,Hawks,37,11.6,4.8,1.6,3.8,42.6,1.2,1.5,1.2,2.4,3.5,0.5,0.3,0.4,0.6
Trey Burke,Wizards,41,12.1,4.8,2.0,4.3,46.6,0.3,0.5,0.2,0.6,0.8,1.6,0.2,0.1,0.8
Jason Smith,Wizards,43,12.7,4.8,2.1,4.0,52.3,0.4,0.6,0.9,2.0,2.9,0.4,0.3,0.6,0.8
Dorian Finney-Smith,Mavericks,44,21.4,4.8,1.7,4.1,41.3,0.6,0.7,0.7,2.0,2.7,0.9,0.6,0.3,0.6
Adreian Payne,Timberwolves,10,8.8,4.8,1.7,3.8,44.7,1.2,1.5,0.6,1.2,1.8,0.4,0.4,0.4,0.7
Jordan McRae,Cavaliers,28,10.4,4.7,1.7,4.4,37.9,0.9,1.1,0.1,1.0,1.2,0.6,0.3,0.2,0.4
Jonas Jerebko,Celtics,44,16.8,4.6,1.8,3.7,49.1,0.3,0.4,0.9,2.5,3.3,0.8,0.5,0.3,0.6
Cristiano Felicio,Bulls,39,14.8,4.6,1.8,3.2,55.6,1.0,1.5,2.3,2.7,5.0,0.6,0.4,0.2,0.5
Mike Dunleavy,Cavaliers,23,15.9,4.6,1.6,3.9,40.0,0.6,0.8,0.2,1.8,2.0,0.9,0.3,0.1,0.6
Cheick Diallo,Pelicans,9,10.4,4.6,1.9,4.3,43.6,0.8,1.1,1.3,2.2,3.6,0.3,0.3,0.3,0.2
Pascal Siakam,Raptors,40,17.5,4.5,2.0,4.1,50.0,0.5,0.6,1.3,2.2,3.5,0.4,0.5,0.9,0.7
Luke Babbitt,Heat,37,16.0,4.5,1.6,4.4,36.4,0.2,0.4,0.2,2.0,2.2,0.4,0.3,0.2,0.3
Willie Cauley-Stein,Kings,38,11.6,4.5,2.0,3.6,55.1,0.6,1.1,0.9,1.4,2.4,0.3,0.4,0.4,0.5
Aron Baynes,Pistons,44,15.2,4.4,1.6,3.3,49.0,1.2,1.3,1.0,2.7,3.7,0.3,0.3,0.4,0.8
Dejounte Murray,Spurs,24,9.0,4.4,1.7,3.5,47.6,0.8,1.0,0.2,1.0,1.1,1.3,0.2,0.1,1.0
Alexis Ajinca,Pelicans,21,14.1,4.3,1.9,4.1,46.5,0.5,0.7,1.0,3.3,4.3,0.3,0.4,0.7,0.8
Bobby Portis,Bulls,30,12.1,4.2,1.8,3.7,47.7,0.4,0.7,1.2,2.2,3.4,0.5,0.2,0.1,0.6
Corey Brewer,Rockets,49,15.8,4.2,1.6,4.0,40.7,0.6,0.8,0.4,1.6,2.0,1.1,0.6,0.2,0.7
Tyler Zeller,Celtics,27,12.1,4.1,1.8,3.8,46.6,0.6,0.9,1.1,1.9,2.9,0.9,0.2,0.6,0.4
Boban Marjanovic,Pistons,20,7.3,4.1,1.5,3.3,46.2,1.1,1.4,1.3,2.1,3.4,0.2,0.1,0.4,0.3
Rashad Vaughn,Bucks,19,10.5,4.1,1.6,4.0,39.5,0.0,0.0,0.0,0.9,0.9,0.3,0.5,0.2,0.2
David West,Warriors,42,11.5,4.1,1.7,3.2,54.5,0.6,0.8,0.6,2.1,2.7,2.1,0.7,0.5,1.0
Ivica Zubac,Lakers,14,11.4,4.1,1.8,4.1,43.1,0.6,0.7,1.1,2.1,3.2,0.5,0.3,0.7,0.8
Jared Sullinger,Raptors,5,14.0,4.0,1.6,6.2,25.8,0.4,0.6,0.6,2.0,2.6,0.0,0.8,0.4,0.4
Stanley Johnson,Pistons,42,16.4,4.0,1.5,3.8,40.4,0.5,0.7,0.4,1.7,2.1,1.3,0.7,0.4,0.7
Ed Davis,Trailblazers,41,17.0,4.0,1.5,2.9,51.3,1.1,1.6,2.0,3.2,5.2,0.6,0.3,0.5,0.8
Kevin Seraphin,Pacers,27,10.3,3.9,1.9,3.6,53.1,0.1,0.2,1.0,2.2,3.2,0.6,0.1,0.3,0.5
Jarell Martin,Grizzlies,40,13.5,3.9,1.4,3.6,37.5,1.0,1.2,0.9,2.9,3.9,0.2,0.4,0.2,0.7
Kris Dunn,Timberwolves,45,17.0,3.9,1.5,4.1,36.8,0.6,1.1,0.4,1.9,2.3,2.5,1.0,0.4,1.4
Thomas Robinson,Lakers,34,11.0,3.9,1.7,3.3,52.3,0.4,1.0,1.7,2.7,4.4,0.7,0.5,0.3,0.7
Okaro White,Heat,4,16.3,3.8,1.3,2.5,50.0,0.8,0.8,0.3,2.8,3.0,0.3,0.5,1.0,0.8
Paul Pierce,Clippers,12,12.3,3.8,1.2,3.3,35.9,0.7,0.8,0.0,1.5,1.5,0.2,0.3,0.3,0.7
Malachi Richardson,Kings,10,7.5,3.8,1.3,2.6,50.0,0.8,1.1,0.1,0.9,1.0,0.5,0.3,0.0,0.1
Pierre Jackson,Mavericks,7,10.1,3.7,1.3,4.4,29.0,0.9,1.0,0.0,1.0,1.0,2.1,0.3,0.0,0.4
Davis Bertans,Spurs,37,10.1,3.7,1.2,2.5,46.8,0.5,0.6,0.2,0.9,1.1,0.7,0.2,0.4,0.4
Jose Calderon,Lakers,22,12.5,3.6,1.5,3.4,43.2,0.2,0.2,0.4,1.4,1.8,2.2,0.3,0.0,1.1
Taurean Prince,Hawks,26,10.4,3.5,1.2,3.2,37.8,0.8,0.8,0.2,1.7,1.9,0.7,0.3,0.3,0.7
Wade Baldwin,Grizzlies,23,13.2,3.5,1.1,3.6,31.3,1.2,1.4,0.3,1.1,1.4,2.1,0.6,0.3,1.3
Ron Baker,Knicks,21,11.3,3.4,1.2,3.3,37.7,0.4,0.6,0.2,1.5,1.7,1.1,0.6,0.1,0.8
Darrun Hilliard,Pistons,26,11.1,3.4,1.2,3.7,32.6,0.7,0.9,0.1,1.0,1.0,0.9,0.3,0.0,0.8
Mario Hezonja,Magic,34,9.5,3.4,1.3,3.7,34.1,0.3,0.4,0.3,1.2,1.5,0.5,0.3,0.1,0.8
Tyus Jones,Timberwolves,25,10.8,3.4,1.1,2.6,42.4,0.7,0.8,0.2,0.8,1.1,2.1,0.6,0.0,0.6
Shabazz Napier,Trailblazers,29,7.7,3.4,1.1,3.1,37.1,0.6,0.8,0.1,0.7,0.8,0.9,0.6,0.0,0.7
Noah Vonleh,Trailblazers,39,12.4,3.4,1.3,3.2,42.3,0.6,0.9,1.2,2.6,3.8,0.2,0.3,0.4,0.7
Denzel Valentine,Bulls,27,11.9,3.3,1.1,3.6,32.0,0.3,0.3,0.1,1.6,1.6,0.6,0.5,0.1,0.6
Jason Terry,Bucks,39,17.0,3.3,1.1,2.9,38.3,0.2,0.3,0.2,1.0,1.2,1.3,0.6,0.2,0.4
Nicolas Laprovittola,Spurs,18,9.7,3.3,1.1,2.6,42.6,0.5,0.5,0.1,0.5,0.6,1.6,0.2,0.1,1.1
Juan Hernangomez,Nuggets,30,10.6,3.3,1.1,2.4,45.1,0.8,1.2,0.6,1.8,2.3,0.5,0.3,0.3,0.3
Timothe Luwawu,76ers,31,10.3,3.2,1.0,2.5,39.0,1.0,1.3,0.2,1.1,1.3,0.6,0.2,0.1,0.6
Sheldon McClellan,Wizards,21,11.1,3.2,1.0,2.9,36.7,0.9,1.0,0.2,1.0,1.2,0.7,0.4,0.0,0.1
Tomas Satoransky,Wizards,29,14.7,3.2,1.2,3.0,41.4,0.6,0.8,0.6,1.3,1.9,2.1,0.6,0.0,0.9
Semaj Christon,Thunder,36,15.4,3.2,1.4,4.1,34.2,0.3,0.5,0.3,1.1,1.4,2.5,0.4,0.1,0.7
Wesley Johnson,Clippers,40,13.9,3.2,1.2,3.4,35.8,0.3,0.4,0.6,2.9,3.5,0.5,0.5,0.6,0.3
Alan Anderson,Clippers,17,11.4,3.2,1.1,3.2,34.5,0.4,0.6,0.2,0.8,0.9,0.5,0.1,0.0,0.3
Brandon Rush,Timberwolves,16,13.8,3.1,1.1,2.9,39.1,0.1,0.1,0.4,1.0,1.4,0.7,0.4,0.4,0.4
Dragan Bender,Suns,37,12.6,3.1,1.2,3.2,37.3,0.1,0.2,0.4,1.7,2.1,0.4,0.3,0.5,0.7
James Jones,Cavaliers,27,7.4,3.0,0.9,1.8,51.0,0.3,0.5,0.1,0.6,0.7,0.2,0.1,0.2,0.2
CJ Watson,Magic,35,14.1,3.0,1.0,3.2,31.0,0.6,0.8,0.2,1.1,1.3,1.6,0.5,0.0,0.6
Andrew Bogut,Mavericks,23,23.4,3.0,1.4,3.1,45.8,0.1,0.5,2.2,6.7,8.8,2.0,0.5,1.0,1.7
Chinanu Onuaku,Rockets,2,5.0,3.0,1.0,1.0,100.0,1.0,1.0,0.5,1.0,1.5,0.5,0.5,0.0,0.0
Tyler Ulis,Suns,30,9.0,3.0,1.3,3.3,38.0,0.4,0.5,0.2,0.5,0.7,1.1,0.6,0.0,0.7
Skal Labissiere,Kings,5,6.6,3.0,1.2,1.8,66.7,0.6,1.0,1.0,0.8,1.8,0.0,0.2,0.0,0.4
Paul Zipser,Bulls,17,12.2,2.9,0.9,3.1,28.3,0.8,1.0,0.2,1.6,1.8,0.4,0.1,0.2,0.6
DeAndre Liggins,Cavaliers,36,15.8,2.9,1.0,2.8,36.6,0.5,0.7,0.3,1.4,1.7,1.0,0.9,0.3,0.8
K.J. McDaniels,Rockets,25,8.0,2.9,1.1,2.5,45.2,0.4,0.4,0.2,0.9,1.0,0.2,0.2,0.3,0.4
Kyle Anderson,Spurs,40,13.6,2.9,1.1,2.4,45.3,0.6,0.7,0.4,2.2,2.6,1.0,0.7,0.4,0.5
Patrick McCaw,Warriors,36,11.3,2.9,1.1,2.7,41.7,0.1,0.2,0.3,0.8,1.0,0.8,0.3,0.2,0.5
Alan Williams,Suns,16,7.2,2.9,1.2,2.1,55.9,0.6,1.1,1.5,1.6,3.1,0.1,0.4,0.5,0.5
Andrew Nicholson,Wizards,25,8.8,2.8,1.2,3.0,40.5,0.2,0.4,0.4,0.9,1.3,0.3,0.4,0.2,0.4
Omer Asik,Pelicans,30,15.9,2.8,1.0,2.1,46.9,0.8,1.3,1.6,3.8,5.4,0.5,0.1,0.4,0.4
Malik Beasley,Nuggets,12,5.1,2.7,1.0,2.8,36.4,0.3,0.5,0.1,0.4,0.5,0.3,0.3,0.0,0.0
Chris McCullough,Nets,12,5.5,2.6,1.2,2.4,48.3,0.2,0.3,0.7,0.8,1.4,0.2,0.0,0.2,0.2
Joseph Young,Pacers,21,5.4,2.6,1.0,2.9,35.0,0.4,0.6,0.0,0.6,0.7,0.6,0.2,0.0,0.2
Miles Plumlee,Bucks,31,9.5,2.6,0.9,2.0,46.0,0.7,1.1,0.6,1.0,1.6,0.6,0.4,0.3,0.7
Kevon Looney,Warriors,34,8.4,2.6,1.1,1.9,56.9,0.4,0.6,0.9,1.6,2.5,0.6,0.2,0.4,0.3
Demetrius Jackson,Celtics,4,4.3,2.5,0.8,1.0,75.0,0.8,1.5,0.5,0.5,1.0,0.8,0.0,0.0,0.0
DeAndre Bembry,Hawks,17,7.5,2.5,1.1,2.2,48.6,0.4,0.8,0.3,0.9,1.2,0.4,0.1,0.0,0.4
Salah Mejri,Mavericks,39,13.5,2.5,1.1,1.6,65.6,0.3,0.6,1.3,3.0,4.3,0.3,0.5,0.9,0.6
Jeff Withey,Jazz,27,8.3,2.5,0.9,1.6,57.1,0.7,1.0,0.8,1.4,2.3,0.1,0.3,0.7,0.3
Marcelo Huertas,Lakers,20,10.4,2.5,1.0,2.8,36.4,0.4,0.8,0.1,1.0,1.0,2.4,0.5,0.1,0.9
Raul Neto,Jazz,25,8.0,2.4,1.0,2.3,43.9,0.1,0.1,0.0,0.7,0.8,0.8,0.5,0.0,0.4
Jordan Mickey,Celtics,13,8.2,2.3,0.9,2.0,46.2,0.5,0.8,0.9,0.9,1.8,0.4,0.2,0.2,0.5
Greivis Vasquez,Nets,3,13.0,2.3,0.7,2.7,25.0,0.7,1.0,0.0,0.7,0.7,1.7,0.3,0.3,0.3
Maurice Ndour,Knicks,17,7.8,2.3,0.9,1.9,45.5,0.5,0.6,0.5,1.1,1.5,0.1,0.5,0.1,0.3
Chris Andersen,Cavaliers,12,9.5,2.3,0.8,1.8,40.9,0.8,1.2,0.8,1.8,2.6,0.4,0.4,0.6,0.4
Jake Layman,Trailblazers,23,6.3,2.3,0.8,2.4,32.1,0.4,0.6,0.1,0.5,0.6,0.3,0.3,0.1,0.2
Thon Maker,Bucks,21,4.7,2.2,0.7,1.3,55.6,0.5,0.7,0.3,0.8,1.1,0.0,0.1,0.2,0.1
Mike Scott,Hawks,13,10.8,2.2,0.8,3.3,23.3,0.4,0.5,0.5,1.6,2.2,1.2,0.2,0.1,0.5
Cole Aldrich,Timberwolves,40,10.5,2.2,0.9,1.7,53.7,0.4,0.5,1.1,2.3,3.3,0.6,0.5,0.5,0.3
Kyle Singler,Thunder,23,10.4,2.2,0.8,2.0,41.3,0.3,0.3,0.1,1.0,1.1,0.2,0.1,0.1,0.4
Sasha Vujacic,Knicks,24,8.2,2.1,0.7,2.1,34.0,0.3,0.4,0.1,1.1,1.3,0.8,0.3,0.0,0.4
Jakob Poeltl,Raptors,25,10.2,2.1,0.8,1.7,44.2,0.6,1.0,1.3,1.4,2.7,0.2,0.4,0.3,0.4
Fred VanVleet,Raptors,16,5.8,2.0,0.9,2.3,38.9,0.0,0.1,0.1,0.7,0.8,0.6,0.5,0.1,0.1
Walter Tavares,Hawks,1,4.0,2.0,1.0,1.0,100.0,0.0,2.0,0.0,1.0,1.0,0.0,0.0,0.0,0.0
Gary Neal,Hawks,2,9.0,2.0,0.0,3.5,0.0,2.0,2.0,0.0,0.5,0.5,0.5,0.0,0.0,0.0
Anthony Brown,Magic,1,4.0,2.0,1.0,2.0,50.0,0.0,0.0,2.0,1.0,3.0,0.0,0.0,0.0,0.0
Tyler Ennis,Rockets,27,6.6,2.0,0.9,2.2,38.3,0.1,0.1,0.1,0.4,0.6,1.0,0.2,0.0,0.8
Deyonta Davis,Grizzlies,24,7.4,2.0,0.8,1.5,54.1,0.3,0.5,0.7,1.4,2.0,0.1,0.1,0.5,0.3
Jordan Hill,Timberwolves,5,8.0,2.0,0.8,2.2,36.4,0.4,0.4,1.4,1.2,2.6,0.0,0.2,0.0,0.6
Udonis Haslem,Heat,14,7.9,1.9,0.6,1.3,50.0,0.6,1.1,0.5,1.5,2.0,0.4,0.4,0.1,0.5
Marshall Plumlee,Knicks,5,11.4,1.8,0.6,0.8,75.0,0.6,1.2,1.4,1.8,3.2,0.8,0.2,0.4,0.6
Damjan Rudez,Magic,28,7.0,1.8,0.6,1.9,34.0,0.0,0.0,0.2,0.5,0.7,0.4,0.3,0.0,0.3
Mike Miller,Nuggets,8,5.1,1.8,0.5,1.1,44.4,0.3,0.3,0.3,1.3,1.5,0.9,0.0,0.0,0.5
John Jenkins,Suns,4,3.3,1.8,0.5,1.3,40.0,0.5,0.5,0.0,0.3,0.3,0.3,0.0,0.0,0.0
James McAdoo,Warriors,19,6.6,1.7,0.7,1.5,50.0,0.3,0.5,0.1,1.1,1.2,0.3,0.1,0.3,0.5
Nicolas Brussino,Mavericks,29,6.8,1.6,0.6,1.5,36.4,0.2,0.2,0.3,0.8,1.1,0.7,0.3,0.1,0.3
Pat Connaughton,Trailblazers,21,6.3,1.6,0.6,1.1,54.2,0.2,0.3,0.2,0.7,0.9,0.4,0.1,0.1,0.1
James Young,Celtics,13,6.1,1.5,0.5,1.5,36.8,0.2,0.2,0.2,0.8,1.0,0.2,0.2,0.0,0.2
Henry Ellenson,Pistons,14,4.0,1.5,0.6,1.6,34.8,0.1,0.1,0.1,0.7,0.9,0.3,0.0,0.0,0.4
Jarnell Stokes,Nuggets,2,3.5,1.5,0.5,0.5,100.0,0.5,1.0,0.5,0.5,1.0,1.0,0.5,0.0,0.0
Diamond Stone,Clippers,4,4.0,1.5,0.5,2.3,22.2,0.5,0.5,0.3,0.5,0.8,0.0,0.0,0.3,0.3
Derrick Jones,Suns,2,3.0,1.5,0.5,0.5,100.0,0.5,0.5,0.0,0.0,0.0,0.0,0.0,0.0,0.0
Treveon Graham,Hornets,14,6.1,1.5,0.4,0.9,50.0,0.4,0.6,0.1,0.7,0.8,0.4,0.1,0.0,0.1
A.J. Hammons,Mavericks,17,4.5,1.4,0.5,1.3,40.9,0.1,0.6,0.3,0.9,1.2,0.1,0.0,0.4,0.2
Brian Roberts,Hornets,12,5.4,1.4,0.3,1.3,20.0,0.9,1.2,0.2,0.4,0.6,0.7,0.2,0.0,0.5
Lavoy Allen,Pacers,32,11.6,1.3,0.6,1.8,32.2,0.1,0.2,1.0,1.3,2.3,0.9,0.3,0.3,0.3
Stephen Zimmerman,Magic,8,4.0,1.3,0.6,1.4,45.5,0.0,0.1,0.5,1.3,1.8,0.1,0.1,0.1,0.0
Daniel Ochefu,Wizards,11,3.9,1.3,0.6,1.3,50.0,0.0,0.2,0.2,1.1,1.3,0.1,0.1,0.0,0.3
Bryn Forbes,Spurs,17,5.1,1.3,0.5,1.5,36.0,0.1,0.1,0.1,0.4,0.5,0.1,0.1,0.0,0.0
Tim Quarterman,Trailblazers,12,3.3,1.3,0.6,0.7,87.5,0.0,0.0,0.2,0.3,0.5,0.6,0.1,0.2,0.3
Nick Collison,Thunder,11,5.9,1.3,0.5,0.9,60.0,0.2,0.3,0.3,0.7,1.0,0.6,0.1,0.1,0.2
Anderson Varejao,Warriors,11,6.6,1.2,0.3,0.9,30.0,0.6,0.8,1.0,1.1,2.1,0.7,0.2,0.2,0.6
Ryan Kelly,Hawks,9,5.2,1.1,0.3,1.1,30.0,0.2,0.2,0.0,1.1,1.1,0.6,0.4,0.2,0.2
Kyle Wiltjer,Rockets,9,3.2,1.1,0.3,1.1,30.0,0.1,0.2,0.3,0.4,0.8,0.0,0.0,0.1,0.3
Rakeem Christmas,Pacers,3,4.7,1.0,0.3,1.3,25.0,0.3,0.3,0.3,0.7,1.0,0.3,0.0,0.3,0.0
Ian Mahinmi,Wizards,1,14.0,1.0,0.0,1.0,0.0,1.0,2.0,0.0,1.0,1.0,0.0,1.0,1.0,2.0
Georgios Papagiannis,Kings,2,4.5,1.0,0.5,0.5,100.0,0.0,0.0,0.0,0.5,0.5,0.0,0.0,0.0,0.5
C.J. Wilcox,Magic,16,4.7,0.9,0.3,1.1,29.4,0.1,0.1,0.1,0.4,0.6,0.6,0.1,0.1,0.3
Bobby Brown,Rockets,13,3.0,0.9,0.4,1.7,22.7,0.0,0.0,0.0,0.4,0.4,0.1,0.0,0.0,0.1
Joel Bolomboy,Jazz,9,2.2,0.9,0.3,0.6,60.0,0.2,0.4,0.1,1.0,1.1,0.1,0.1,0.2,0.1
Georges Niang,Pacers,19,4.4,0.8,0.3,1.7,18.8,0.1,0.1,0.1,0.6,0.7,0.3,0.2,0.0,0.3
Alonzo Gee,Nuggets,13,6.8,0.8,0.2,1.0,23.1,0.4,0.7,0.3,0.8,1.1,0.5,0.4,0.1,0.3
Ron Artest,Lakers,17,4.6,0.8,0.3,1.5,20.0,0.1,0.2,0.2,0.4,0.5,0.3,0.2,0.1,0.2
Steve Novak,Bucks,8,2.8,0.6,0.3,0.9,28.6,0.0,0.0,0.0,0.4,0.4,0.0,0.0,0.0,0.0
Michael Gbinije,Pistons,8,3.6,0.5,0.1,1.3,10.0,0.3,0.3,0.3,0.1,0.4,0.3,0.0,0.0,0.0
Arinze Onuaku,Magic,8,3.5,0.5,0.3,0.5,50.0,0.0,0.0,0.3,0.5,0.8,0.3,0.0,0.1,0.3
Bruno Caboclo,Raptors,8,2.9,0.4,0.1,0.6,20.0,0.0,0.0,0.4,0.4,0.8,0.4,0.3,0.0,0.3
John Lucas,Timberwolves,5,2.2,0.4,0.2,0.8,25.0,0.0,0.0,0.0,0.0,0.0,0.2,0.4,0.0,0.0
Aaron Harrison,Hornets,5,3.4,0.2,0.0,0.8,0.0,0.2,0.4,0.0,0.6,0.6,0.6,0.0,0.0,0.0
R.J. Hunter,Bulls,3,3.0,0.0,0.0,0.3,0.0,0.0,0.0,0.0,0.3,0.3,0.0,0.0,0.0,0.0
Danuel House,Wizards,1,1.0,0.0,0.0,0.0,NA,0.0,0.0,0.0,1.0,1.0,0.0,0.0,0.0,0.0
Joel Anthony,Spurs,1,5.0,0.0,0.0,1.0,0.0,0.0,0.0,1.0,3.0,4.0,0.0,0.0,0.0,0.0
Damian Jones,Warriors,2,8.0,0.0,0.0,0.5,0.0,0.0,0.0,0.0,0.5,0.5,0.0,0.5,0.0,1.5
Christian Wood,Hornets,1,3.0,0.0,0.0,1.0,0.0,0.0,0.0,0.0,2.0,2.0,0.0,0.0,0.0,0.0
